00100
01010
10001
10001
11111
10001
10001
11110
10001
10001
11110
10001
10001
11110
01111
10000
10000
10000
10000
10000
01111
11110
10001
10001
10001
10001
10001
11110
11111
10000
10000
11111
10000
10000
11111
11111
10000
10000
11111
10000
10000
10000
01110
10001
10000
10011
10001
10001
01110
10001
10001
10001
11111
10001
10001
10001
111
010
010
010
010
010
111
0111
0010
0010
0010
0010
1010
0100
10001
10010
10100
11000
10100
10010
10001
1000
1000
1000
1000
1000
1000
1111
1000001
1100011
1010101
1001001
1000001
1000001
1000001
1000001
1100001
1010001
1001001
1000101
1000011
1000001
01110
10001
10001
10001
10001
10001
01110
11110
10001
10001
11110
10000
10000
10000
01110
10001
10001
10001
10101
10011
01111
11110
10001
10001
11110
10100
10010
10001
01111
10000
10000
01110
00001
00001
11110
11111
00100
00100
00100
00100
00100
00100
10001
10001
10001
10001
10001
10001
01110
1000001
1000001
0100010
0100010
0010100
0010100
0001000
100000001
100000001
100000001
100010001
100010001
010101010
001000100
10001
10001
01010
00100
01010
10001
10001
10001
10001
01010
00100
00100
00100
00100
11111
00001
00010
00100
01000
10000
11111
010
110
010
010
010
010
111
0110
1001
0001
0010
0100
1000
1111
0110
1001
0001
0110
0001
1001
0110
00110
01010
10010
11111
00010
00010
00010
1111
1000
1000
1110
0001
0001
1110
0111
1000
1000
1111
1001
1001
0110
1111
0001
0001
0001
0001
0001
0001
0110
1001
1001
0110
1001
1001
0110
0110
1001
1001
0111
0001
0001
0110
0110
1001
1001
1001
1001
1001
1001
0110

